32768    50 32768 32768 32768 32768 32768 32768 32768 32768 32768 32768 32768 32768
   50 32768    50   100   120 32768 32768 32768 32768 32768 32768 32768 32768 32768
32768    50 32768 32768 32768 32768 32768 32768 32768 32768 32768 32768 32768 32768
32768   100 32768 32768   100   100 32768 32768   120 32768 32768 32768 32768 32768
32768   120 32768   100 32768    30 32768 32768 32768 32768 32768 32768 32768 32768
32768 32768 32768   100    30 32768 32768 32768   120   100 32768 32768 32768 32768
32768 32768 32768 32768 32768 32768 32768    30    50 32768 32768 32768 32768 32768
32768 32768 32768 32768 32768 32768    30 32768 32768 32768    30 32768 32768 32768
32768 32768 32768   120 32768   120    50 32768 32768    40 32768    30 32768 32768
32768 32768 32768 32768 32768   100 32768 32768    40 32768 32768 32768    30 32768
32768 32768 32768 32768 32768 32768 32768    30 32768 32768 32768    10 32768    20
32768 32768 32768 32768 32768 32768 32768 32768    30 32768    10 32768    10    10
32768 32768 32768 32768 32768 32768 32768 32768 32768    30 32768    10 32768    20
32768 32768 32768 32768 32768 32768 32768 32768 32768 32768    20    10    20 32768